263.00,227.50,61.00,47.00
263.00,227.50,61.00,47.00
262.50,227.00,62.00,48.00
259.60,229.90,62.00,48.00
260.10,230.40,61.00,47.00
260.60,230.90,60.00,46.00
260.60,230.90,60.00,46.00
260.10,230.40,61.00,47.00
259.60,227.73,62.00,48.00
256.70,224.82,62.00,48.00
257.20,225.32,61.00,47.00
256.20,224.32,63.00,49.00
252.13,226.90,65.00,50.00
252.13,229.97,65.00,50.00
252.13,233.04,65.00,50.00
252.13,236.12,65.00,50.00
251.13,235.12,67.00,52.00
250.13,231.40,69.00,53.00
250.08,228.52,66.00,51.00
250.08,226.97,66.00,51.00
250.58,227.47,65.00,50.00
250.58,230.55,65.00,50.00
250.08,230.05,66.00,51.00
249.58,229.55,67.00,52.00
245.36,229.05,69.00,53.00
245.36,229.05,69.00,53.00
245.36,225.83,69.00,53.00
249.54,229.51,67.00,52.00
245.32,229.01,69.00,53.00
249.50,229.51,67.00,52.00
250.00,233.11,66.00,51.00
250.00,236.21,66.00,51.00
250.00,236.21,66.00,51.00
250.00,236.21,66.00,51.00
249.50,232.53,67.00,52.00
250.00,233.03,66.00,51.00
246.90,229.93,66.00,51.00
246.90,229.93,66.00,51.00
246.90,229.93,66.00,51.00
246.90,229.93,66.00,51.00
246.90,229.93,66.00,51.00
246.90,229.93,66.00,51.00
246.90,226.83,66.00,51.00
246.40,226.33,67.00,52.00
246.40,223.15,67.00,52.00
246.40,227.12,67.00,52.00
245.40,227.43,69.00,53.00
242.18,231.45,69.00,53.00
242.18,234.67,69.00,53.00
241.68,234.17,70.00,54.00
241.68,230.87,70.00,54.00
242.18,231.37,69.00,53.00
243.18,225.51,67.00,52.00
243.18,225.51,67.00,52.00
243.18,225.51,67.00,52.00
243.18,225.51,67.00,52.00
243.18,228.69,67.00,52.00
242.18,231.41,69.00,53.00
242.18,231.41,69.00,53.00
238.38,230.91,70.00,54.00
241.68,230.91,70.00,54.00
238.38,230.91,70.00,54.00
238.38,227.61,70.00,54.00
238.88,228.11,69.00,53.00
239.88,228.61,67.00,52.00
239.88,225.43,67.00,52.00
239.88,225.43,67.00,52.00
238.88,224.93,69.00,53.00
238.38,227.73,70.00,54.00
238.38,227.73,70.00,54.00
238.88,228.23,69.00,53.00
239.88,228.73,67.00,52.00
240.38,232.33,66.00,51.00
240.88,232.83,65.00,50.00
241.88,233.33,63.00,49.00
245.28,233.83,62.00,48.00
243.78,232.83,65.00,50.00
243.78,232.83,65.00,50.00
247.76,233.33,63.00,49.00
246.76,228.99,65.00,50.00
246.76,225.92,65.00,50.00
246.76,225.92,65.00,50.00
246.76,225.92,65.00,50.00
250.74,229.40,63.00,49.00
251.24,229.90,62.00,48.00
251.24,233.52,62.00,48.00
251.24,233.52,62.00,48.00
254.14,233.52,62.00,48.00
254.14,233.52,62.00,48.00
254.14,233.52,62.00,48.00
254.14,230.62,62.00,48.00
254.14,227.72,62.00,48.00
254.14,227.72,62.00,48.00
254.14,227.72,62.00,48.00
254.14,227.72,62.00,48.00
254.14,230.62,62.00,48.00
254.14,230.62,62.00,48.00
254.14,230.62,62.00,48.00
257.04,230.62,62.00,48.00
257.04,227.72,62.00,48.00
257.54,225.35,61.00,47.00
257.54,225.35,61.00,47.00
257.54,225.35,61.00,47.00
257.54,231.81,61.00,47.00
257.54,231.81,61.00,47.00
260.41,231.81,61.00,47.00
260.41,231.81,61.00,47.00
260.41,228.94,61.00,47.00
260.41,228.94,61.00,47.00
260.41,225.35,61.00,47.00
260.41,225.35,61.00,47.00
260.41,225.35,61.00,47.00
257.54,228.22,61.00,47.00
258.04,228.72,60.00,46.00
258.04,229.42,60.00,46.00
255.25,232.21,60.00,46.00
255.25,232.21,60.00,46.00
255.25,232.21,60.00,46.00
254.75,231.71,61.00,47.00
251.87,231.71,61.00,47.00
251.87,228.84,61.00,47.00
252.37,226.55,60.00,46.00
252.87,226.35,59.00,45.00
252.87,226.35,59.00,45.00
252.87,231.89,59.00,45.00
252.87,231.89,59.00,45.00
251.20,237.74,57.00,44.00
252.97,234.47,59.00,45.00
253.97,232.29,57.00,44.00
254.47,229.49,56.00,43.00
254.97,229.49,55.00,43.00
254.97,232.07,55.00,43.00
254.97,232.07,55.00,43.00
254.97,232.07,55.00,43.00
257.55,229.49,55.00,43.00
257.55,229.49,55.00,43.00
257.55,224.32,55.00,43.00
257.55,226.90,55.00,43.00
260.13,226.90,55.00,43.00
260.13,232.71,55.00,43.00
262.71,230.13,55.00,43.00
262.71,230.13,55.00,43.00
262.71,229.49,55.00,43.00
265.29,226.90,55.00,43.00
264.79,226.90,56.00,43.00
265.29,226.90,55.00,43.00
267.87,229.49,55.00,43.00
267.87,232.07,55.00,43.00
267.87,232.07,55.00,43.00
267.87,232.07,55.00,43.00
267.87,232.07,55.00,43.00
267.87,232.07,55.00,43.00
267.87,229.49,55.00,43.00
270.46,226.90,55.00,43.00
270.46,224.32,55.00,43.00
270.46,224.32,55.00,43.00
273.04,221.74,55.00,43.00
273.04,221.74,55.00,43.00
273.04,221.74,55.00,43.00
273.04,224.97,55.00,43.00
273.04,224.97,55.00,43.00
273.54,228.02,54.00,42.00
273.54,228.02,54.00,42.00
273.54,227.38,54.00,42.00
273.54,227.38,54.00,42.00
273.54,229.94,54.00,42.00
273.54,229.94,54.00,42.00
273.54,230.58,54.00,42.00
270.98,230.58,54.00,42.00
270.98,228.02,54.00,42.00
270.98,228.02,54.00,42.00
270.48,221.71,55.00,43.00
270.48,221.71,55.00,43.00
270.48,221.71,55.00,43.00
270.48,221.71,55.00,43.00
270.48,224.30,55.00,43.00
270.48,226.88,55.00,43.00
270.48,229.46,55.00,43.00
270.48,229.46,55.00,43.00
270.48,229.46,55.00,43.00
270.48,229.46,55.00,43.00
270.48,229.46,55.00,43.00
270.48,229.46,55.00,43.00
273.06,232.04,55.00,43.00
272.56,229.39,56.00,43.00
272.56,229.39,56.00,43.00
273.89,229.39,56.00,43.00
273.89,229.39,56.00,43.00
276.54,232.04,56.00,43.00
276.04,231.54,57.00,44.00
279.18,232.04,56.00,43.00
279.18,229.39,56.00,43.00
281.36,225.55,57.00,44.00
280.36,225.05,59.00,45.00
280.36,225.05,59.00,45.00
284.03,231.57,57.00,44.00
284.03,234.24,57.00,44.00
283.03,233.74,59.00,45.00
282.53,233.24,60.00,46.00
282.53,230.45,60.00,46.00
284.91,229.95,61.00,47.00
284.91,229.95,61.00,47.00
284.91,229.95,61.00,47.00
284.91,229.95,61.00,47.00
284.91,229.95,61.00,47.00
284.91,229.95,61.00,47.00
284.91,229.95,61.00,47.00
284.91,229.95,61.00,47.00
284.91,229.95,61.00,47.00
282.03,232.82,61.00,47.00
281.53,232.32,62.00,48.00
282.03,235.70,61.00,47.00
278.63,235.20,62.00,48.00
278.63,235.20,62.00,48.00
275.73,235.20,62.00,48.00
275.23,228.73,63.00,49.00
272.83,229.23,62.00,48.00
272.33,225.01,63.00,49.00
267.03,225.51,62.00,48.00
266.53,227.99,63.00,49.00
263.55,227.99,63.00,49.00
260.57,230.97,63.00,49.00
257.59,230.97,63.00,49.00
257.59,233.95,63.00,49.00
252.74,233.45,65.00,50.00
249.67,233.45,65.00,50.00
249.67,236.52,65.00,50.00
245.83,232.68,65.00,50.00
242.76,232.68,65.00,50.00
242.76,229.61,65.00,50.00
239.68,229.61,65.00,50.00
236.61,232.68,65.00,50.00
236.61,232.68,65.00,50.00
232.77,232.68,65.00,50.00
233.77,233.18,63.00,49.00
230.79,230.20,63.00,49.00
227.81,226.48,63.00,49.00
227.81,226.48,63.00,49.00
227.81,226.48,63.00,49.00
224.82,230.20,63.00,49.00
224.82,233.18,63.00,49.00
224.82,233.18,63.00,49.00
221.84,236.16,63.00,49.00
221.84,232.44,63.00,49.00
221.84,232.44,63.00,49.00
221.84,231.69,63.00,49.00
218.86,228.71,63.00,49.00
219.36,232.11,62.00,48.00
219.36,232.11,62.00,48.00
219.36,229.21,62.00,48.00
219.36,229.21,62.00,48.00
219.36,232.11,62.00,48.00
219.36,232.11,62.00,48.00
219.36,232.11,62.00,48.00
222.26,232.11,62.00,48.00
222.26,232.11,62.00,48.00
225.16,232.11,62.00,48.00
225.16,229.21,62.00,48.00
228.54,229.71,61.00,47.00
228.54,232.58,61.00,47.00
231.83,233.08,60.00,46.00
234.63,233.08,60.00,46.00
234.63,230.29,60.00,46.00
237.89,230.79,59.00,45.00
240.66,230.79,59.00,45.00
243.43,228.02,59.00,45.00
244.43,228.52,57.00,44.00
250.44,228.52,57.00,44.00
250.44,228.52,57.00,44.00
253.12,228.52,57.00,44.00
256.93,232.33,56.00,43.00
259.58,232.33,56.00,43.00
262.22,232.33,56.00,43.00
265.53,232.33,56.00,43.00
267.71,229.16,57.00,44.00
270.85,229.66,56.00,43.00
274.16,229.66,56.00,43.00
277.25,229.66,55.00,43.00
279.83,229.66,55.00,43.00
284.99,229.66,55.00,43.00
284.99,227.08,55.00,43.00
291.24,227.58,54.00,42.00
291.74,228.08,53.00,41.00
291.74,228.08,53.00,41.00
294.83,228.08,53.00,41.00
294.83,228.08,53.00,41.00
297.31,228.08,53.00,41.00
297.31,225.60,53.00,41.00
297.31,225.60,53.00,41.00
299.78,228.08,53.00,41.00
299.78,230.55,53.00,41.00
299.78,228.08,53.00,41.00
299.78,230.55,53.00,41.00
299.78,228.08,53.00,41.00
299.78,228.08,53.00,41.00
299.78,230.55,53.00,41.00
299.78,230.55,53.00,41.00
299.78,233.03,53.00,41.00
299.78,230.55,53.00,41.00
299.78,228.08,53.00,41.00
299.78,228.08,53.00,41.00
299.78,228.08,53.00,41.00
299.78,228.08,53.00,41.00
299.78,230.55,53.00,41.00
299.78,230.55,53.00,41.00
299.78,230.55,53.00,41.00
299.78,230.55,53.00,41.00
299.78,228.08,53.00,41.00
297.31,228.08,53.00,41.00
297.31,227.46,53.00,41.00
297.31,224.98,53.00,41.00
297.31,224.98,53.00,41.00
297.31,227.46,53.00,41.00
297.31,227.46,53.00,41.00
299.78,227.46,53.00,41.00
300.28,227.96,52.00,40.00
300.28,227.96,52.00,40.00
300.28,227.96,52.00,40.00
300.28,227.96,52.00,40.00
300.28,227.96,52.00,40.00
300.28,227.96,52.00,40.00
297.84,225.51,52.00,40.00
297.84,225.51,52.00,40.00
297.84,225.51,52.00,40.00
297.84,227.96,52.00,40.00
298.34,231.42,51.00,39.00
298.34,231.42,51.00,39.00
298.34,229.05,51.00,39.00
298.34,226.68,51.00,39.00
298.34,224.31,51.00,39.00
296.48,224.31,50.00,39.00
298.84,226.67,50.00,39.00
296.48,226.67,50.00,39.00
298.84,229.03,50.00,39.00
296.48,229.03,50.00,39.00
298.84,229.03,50.00,39.00
296.48,226.67,50.00,39.00
296.98,227.17,49.00,38.00
296.98,227.17,49.00,38.00
296.98,227.17,49.00,38.00
296.98,227.17,49.00,38.00
296.98,227.17,49.00,38.00
296.98,227.17,49.00,38.00
296.98,227.17,49.00,38.00
296.98,227.17,49.00,38.00
296.48,224.31,50.00,39.00
296.48,224.31,50.00,39.00
296.48,224.31,50.00,39.00
296.48,224.31,50.00,39.00
296.48,224.31,50.00,39.00
296.48,226.67,50.00,39.00
296.48,224.31,50.00,39.00
296.48,226.67,50.00,39.00
296.48,224.31,50.00,39.00
296.48,224.31,50.00,39.00
296.48,224.31,50.00,39.00
296.98,224.81,49.00,38.00
299.73,228.13,48.00,37.00
299.23,227.63,49.00,38.00
298.73,227.13,50.00,39.00
298.73,227.13,50.00,39.00
299.23,225.30,49.00,38.00
299.23,225.30,49.00,38.00
299.23,227.63,49.00,38.00
299.23,227.63,49.00,38.00
299.23,227.63,49.00,38.00
299.23,227.63,49.00,38.00
299.23,227.63,49.00,38.00
299.23,225.30,49.00,38.00
299.23,225.30,49.00,38.00
298.73,224.80,50.00,39.00
298.73,224.80,50.00,39.00
296.37,224.80,50.00,39.00
298.73,227.15,50.00,39.00
298.23,227.15,51.00,39.00
298.23,227.15,51.00,39.00
295.28,224.20,52.00,40.00
297.73,226.65,52.00,40.00
297.73,226.65,52.00,40.00
297.73,226.65,52.00,40.00
297.73,226.65,52.00,40.00
298.23,227.15,51.00,39.00
298.73,227.15,50.00,39.00
298.73,227.15,50.00,39.00
298.73,227.15,50.00,39.00
298.73,227.15,50.00,39.00
298.73,224.80,50.00,39.00
298.73,224.80,50.00,39.00
298.73,227.15,50.00,39.00
298.73,230.10,50.00,39.00
298.73,232.45,50.00,39.00
298.73,232.45,50.00,39.00
298.73,230.10,50.00,39.00
299.23,228.27,49.00,38.00
301.56,225.94,49.00,38.00
301.06,225.44,50.00,39.00
300.56,225.44,51.00,39.00
300.56,227.81,51.00,39.00
302.33,227.81,51.00,39.00
302.33,227.81,51.00,39.00
302.83,230.16,50.00,39.00
302.83,230.16,50.00,39.00
304.28,227.21,52.00,40.00
304.78,227.71,51.00,39.00
304.28,227.21,52.00,40.00
304.28,229.66,52.00,40.00
303.78,229.16,53.00,41.00
303.78,226.69,53.00,41.00
303.78,224.21,53.00,41.00
303.78,224.21,53.00,41.00
303.28,221.16,54.00,42.00
303.28,223.71,54.00,42.00
303.28,223.71,54.00,42.00
303.28,223.71,54.00,42.00
300.73,223.71,54.00,42.00
300.73,226.27,54.00,42.00
300.73,226.27,54.00,42.00
301.23,226.77,53.00,41.00
301.23,226.77,53.00,41.00
301.23,226.77,53.00,41.00
301.23,226.77,53.00,41.00
298.17,226.27,54.00,42.00
300.73,223.71,54.00,42.00
298.17,223.71,54.00,42.00
300.73,223.71,54.00,42.00
298.17,226.27,54.00,42.00
297.67,225.77,55.00,43.00
297.67,225.77,55.00,43.00
297.67,228.35,55.00,43.00
297.67,228.35,55.00,43.00
297.67,228.35,55.00,43.00
297.67,228.35,55.00,43.00
297.67,228.35,55.00,43.00
297.67,225.77,55.00,43.00
297.67,225.77,55.00,43.00
297.67,225.77,55.00,43.00
300.25,225.77,55.00,43.00
300.75,226.27,54.00,42.00
300.75,228.82,54.00,42.00
300.25,228.32,55.00,43.00
300.25,225.74,55.00,43.00
300.25,225.74,55.00,43.00
300.25,225.74,55.00,43.00
300.25,225.74,55.00,43.00
300.25,225.74,55.00,43.00
300.25,225.74,55.00,43.00
300.25,225.74,55.00,43.00
300.25,225.74,55.00,43.00
302.83,225.74,55.00,43.00
302.83,225.74,55.00,43.00
302.83,223.16,55.00,43.00
302.83,224.45,55.00,43.00
302.83,224.45,55.00,43.00
302.83,224.45,55.00,43.00
302.83,224.45,55.00,43.00
302.83,224.45,55.00,43.00
305.42,224.45,55.00,43.00
305.42,224.45,55.00,43.00
305.42,227.03,55.00,43.00
304.92,227.03,56.00,43.00
304.92,227.03,56.00,43.00
304.92,227.03,56.00,43.00
304.92,229.68,56.00,43.00
306.42,229.18,57.00,44.00
305.42,228.68,59.00,45.00
305.42,227.30,59.00,45.00
308.19,227.30,59.00,45.00
308.19,227.30,59.00,45.00
308.19,227.30,59.00,45.00
308.19,227.30,59.00,45.00
308.19,227.30,59.00,45.00
308.19,230.06,59.00,45.00
307.69,229.56,60.00,46.00
307.69,229.56,60.00,46.00
307.69,229.56,60.00,46.00
307.69,229.56,60.00,46.00
307.19,229.06,61.00,47.00
307.19,229.06,61.00,47.00
306.69,225.66,62.00,48.00
307.19,226.16,61.00,47.00
307.19,226.16,61.00,47.00
307.19,226.16,61.00,47.00
307.19,226.16,61.00,47.00
306.69,225.66,62.00,48.00
306.69,228.56,62.00,48.00
306.19,228.06,63.00,49.00
305.19,227.56,65.00,50.00
305.19,230.64,65.00,50.00
304.69,230.14,66.00,51.00
304.69,233.24,66.00,51.00
304.19,232.74,67.00,52.00
303.19,229.02,69.00,53.00
304.19,229.52,67.00,52.00
304.19,229.52,67.00,52.00
304.19,229.52,67.00,52.00
303.19,229.02,69.00,53.00
303.19,229.02,69.00,53.00
303.19,225.80,69.00,53.00
