329.00,215.25,58.00,49.00
329.00,215.25,58.00,49.00
325.61,211.14,59.00,50.00
326.61,212.14,57.00,48.00
326.11,211.64,58.00,49.00
322.72,217.64,59.00,50.00
322.72,220.53,59.00,50.00
322.22,223.75,60.00,51.00
316.86,225.84,63.00,53.00
317.36,226.34,62.00,52.00
317.36,223.33,62.00,52.00
315.38,220.85,60.00,51.00
314.38,220.35,62.00,52.00
310.27,219.35,64.00,54.00
310.77,219.85,63.00,53.00
309.77,222.05,65.00,55.00
308.77,221.55,67.00,56.00
308.27,223.54,68.00,57.00
304.36,222.54,69.00,59.00
304.36,219.13,69.00,59.00
304.86,220.13,68.00,57.00
304.86,220.13,68.00,57.00
304.86,216.81,68.00,57.00
304.86,216.81,68.00,57.00
304.86,216.81,68.00,57.00
304.86,220.13,68.00,57.00
304.86,220.13,68.00,57.00
304.36,219.13,69.00,59.00
304.36,219.13,69.00,59.00
304.36,219.13,69.00,59.00
304.36,219.13,69.00,59.00
303.36,218.63,71.00,60.00
303.36,218.63,71.00,60.00
299.33,218.13,72.00,61.00
299.83,218.63,71.00,60.00
300.83,219.13,69.00,59.00
301.33,220.13,68.00,57.00
301.33,220.13,68.00,57.00
301.33,220.13,68.00,57.00
301.33,220.13,68.00,57.00
301.33,220.13,68.00,57.00
298.84,220.13,68.00,57.00
299.34,223.92,67.00,56.00
300.34,224.42,65.00,55.00
300.34,224.42,65.00,55.00
296.05,220.63,67.00,56.00
296.05,220.63,67.00,56.00
297.05,221.13,65.00,55.00
297.05,221.13,65.00,55.00
292.76,220.63,67.00,56.00
294.26,221.63,64.00,54.00
294.26,221.63,64.00,54.00
291.92,221.63,64.00,54.00
292.42,222.13,63.00,53.00
292.42,222.13,63.00,53.00
292.42,222.13,63.00,53.00
288.80,221.63,64.00,54.00
288.80,221.63,64.00,54.00
289.30,222.13,63.00,53.00
289.30,222.13,63.00,53.00
285.69,221.63,64.00,54.00
285.69,221.63,64.00,54.00
285.69,221.63,64.00,54.00
285.69,221.63,64.00,54.00
285.69,221.63,64.00,54.00
281.99,221.13,65.00,55.00
281.99,221.13,65.00,55.00
282.49,221.63,64.00,54.00
282.99,222.13,63.00,53.00
282.49,218.51,64.00,54.00
281.99,218.01,65.00,55.00
278.79,218.01,65.00,55.00
278.79,218.01,65.00,55.00
278.79,218.01,65.00,55.00
278.79,218.01,65.00,55.00
282.41,215.39,64.00,54.00
281.91,214.89,65.00,55.00
280.91,214.39,67.00,56.00
280.91,214.39,67.00,56.00
281.91,214.89,65.00,55.00
285.11,218.09,65.00,55.00
284.11,217.59,67.00,56.00
283.61,220.41,68.00,57.00
283.61,220.41,68.00,57.00
283.61,220.41,68.00,57.00
283.61,220.41,68.00,57.00
283.61,220.41,68.00,57.00
287.40,220.91,67.00,56.00
287.40,220.91,67.00,56.00
287.40,220.91,67.00,56.00
287.40,220.91,67.00,56.00
287.40,220.91,67.00,56.00
287.40,220.91,67.00,56.00
287.40,220.91,67.00,56.00
287.40,220.91,67.00,56.00
287.40,220.91,67.00,56.00
288.40,221.41,65.00,55.00
288.90,218.79,64.00,54.00
288.90,218.79,64.00,54.00
288.90,218.79,64.00,54.00
288.90,218.79,64.00,54.00
288.90,218.79,64.00,54.00
288.90,218.79,64.00,54.00
288.90,218.79,64.00,54.00
288.90,218.79,64.00,54.00
288.90,218.79,64.00,54.00
288.90,218.79,64.00,54.00
288.90,215.67,64.00,54.00
288.90,215.67,64.00,54.00
288.90,215.67,64.00,54.00
288.90,215.67,64.00,54.00
288.90,215.67,64.00,54.00
288.90,215.67,64.00,54.00
288.90,215.67,64.00,54.00
288.90,215.67,64.00,54.00
292.01,215.67,64.00,54.00
292.01,215.67,64.00,54.00
292.01,218.79,64.00,54.00
292.01,218.79,64.00,54.00
292.01,218.79,64.00,54.00
292.51,219.29,63.00,53.00
296.02,219.79,62.00,52.00
296.02,219.79,62.00,52.00
296.02,219.79,62.00,52.00
296.02,219.79,62.00,52.00
297.02,220.29,60.00,51.00
297.02,220.29,60.00,51.00
297.52,220.79,59.00,50.00
299.69,220.79,59.00,50.00
299.69,220.79,59.00,50.00
299.69,220.79,59.00,50.00
299.69,220.79,59.00,50.00
299.69,220.79,59.00,50.00
303.06,221.29,58.00,49.00
303.06,221.29,58.00,49.00
302.56,217.90,59.00,50.00
302.56,220.79,59.00,50.00
302.56,220.79,59.00,50.00
303.06,221.29,58.00,49.00
306.34,221.10,57.00,48.00
306.34,221.10,57.00,48.00
309.12,218.31,57.00,48.00
308.62,217.81,58.00,49.00
308.62,217.81,58.00,49.00
308.62,217.81,58.00,49.00
308.62,217.81,58.00,49.00
308.62,217.81,58.00,49.00
310.06,217.81,58.00,49.00
310.06,217.81,58.00,49.00
310.56,218.31,57.00,48.00
313.81,218.81,56.00,47.00
313.81,218.81,56.00,47.00
313.81,218.81,56.00,47.00
316.57,218.81,56.00,47.00
316.57,218.81,56.00,47.00
316.57,218.81,56.00,47.00
319.33,218.81,56.00,47.00
319.33,218.81,56.00,47.00
322.09,218.81,56.00,47.00
322.09,218.81,56.00,47.00
322.09,218.81,56.00,47.00
322.78,218.81,56.00,47.00
325.95,219.31,55.00,46.00
325.95,219.31,55.00,46.00
325.95,219.31,55.00,46.00
325.95,219.31,55.00,46.00
325.95,219.31,55.00,46.00
328.63,219.31,55.00,46.00
328.63,219.31,55.00,46.00
328.63,219.31,55.00,46.00
328.63,216.63,55.00,46.00
331.31,216.63,55.00,46.00
331.31,216.63,55.00,46.00
333.98,216.63,55.00,46.00
333.98,216.63,55.00,46.00
333.98,216.63,55.00,46.00
333.98,216.63,55.00,46.00
336.66,216.63,55.00,46.00
336.66,216.63,55.00,46.00
336.66,213.96,55.00,46.00
339.81,217.11,54.00,45.00
339.81,217.11,54.00,45.00
339.81,217.11,54.00,45.00
342.46,217.11,54.00,45.00
342.46,217.11,54.00,45.00
342.46,214.46,54.00,45.00
342.46,214.46,54.00,45.00
342.46,214.46,54.00,45.00
342.46,214.46,54.00,45.00
342.46,214.46,54.00,45.00
342.46,214.46,54.00,45.00
342.46,214.46,54.00,45.00
342.46,217.11,54.00,45.00
339.29,215.94,55.00,46.00
339.79,216.44,54.00,45.00
340.29,216.94,53.00,44.00
340.29,214.37,53.00,44.00
340.29,214.37,53.00,44.00
340.29,214.37,53.00,44.00
340.79,214.37,52.00,44.00
340.79,214.37,52.00,44.00
340.79,216.92,52.00,44.00
340.79,216.92,52.00,44.00
338.87,216.92,52.00,44.00
338.87,216.92,52.00,44.00
339.87,217.42,50.00,43.00
339.87,214.96,50.00,43.00
338.87,214.46,52.00,44.00
336.31,214.46,52.00,44.00
336.31,214.46,52.00,44.00
336.31,217.02,52.00,44.00
336.31,217.02,52.00,44.00
336.31,217.02,52.00,44.00
336.31,217.02,52.00,44.00
336.31,217.02,52.00,44.00
336.31,214.46,52.00,44.00
336.31,214.46,52.00,44.00
336.31,214.46,52.00,44.00
336.31,214.46,52.00,44.00
336.31,214.46,52.00,44.00
333.75,214.46,52.00,44.00
333.75,214.46,52.00,44.00
334.75,214.96,50.00,43.00
334.75,214.96,50.00,43.00
332.29,214.96,50.00,43.00
332.29,212.50,50.00,43.00
329.82,212.50,50.00,43.00
329.82,214.96,50.00,43.00
329.82,212.50,50.00,43.00
327.36,214.96,50.00,43.00
327.36,212.50,50.00,43.00
326.36,212.00,52.00,44.00
323.80,212.00,52.00,44.00
321.24,212.00,52.00,44.00
321.24,212.00,52.00,44.00
321.24,212.00,52.00,44.00
322.24,218.04,50.00,43.00
318.68,217.54,52.00,44.00
318.68,220.74,52.00,44.00
316.13,220.74,52.00,44.00
316.13,220.74,52.00,44.00
316.13,218.18,52.00,44.00
316.13,215.62,52.00,44.00
316.13,214.98,52.00,44.00
316.13,214.98,52.00,44.00
318.68,214.98,52.00,44.00
318.68,217.54,52.00,44.00
318.68,217.54,52.00,44.00
318.68,217.54,52.00,44.00
318.68,214.98,52.00,44.00
318.68,214.98,52.00,44.00
321.24,214.98,52.00,44.00
321.24,214.98,52.00,44.00
321.24,214.98,52.00,44.00
323.80,214.98,52.00,44.00
323.80,214.98,52.00,44.00
323.80,214.98,52.00,44.00
323.80,214.98,52.00,44.00
324.80,215.48,50.00,43.00
324.80,215.48,50.00,43.00
324.80,215.48,50.00,43.00
324.80,215.48,50.00,43.00
324.80,215.48,50.00,43.00
327.26,215.48,50.00,43.00
327.26,215.48,50.00,43.00
327.26,215.48,50.00,43.00
327.26,215.48,50.00,43.00
327.26,215.48,50.00,43.00
327.26,215.48,50.00,43.00
327.26,214.25,50.00,43.00
327.26,214.25,50.00,43.00
324.80,214.25,50.00,43.00
324.80,214.75,50.00,42.00
324.80,214.75,50.00,42.00
324.80,214.75,50.00,42.00
324.80,212.30,50.00,42.00
325.30,212.80,49.00,41.00
325.30,215.17,49.00,41.00
327.67,215.17,49.00,41.00
325.30,215.17,49.00,41.00
327.67,215.17,49.00,41.00
327.67,215.17,49.00,41.00
327.67,215.17,49.00,41.00
327.67,215.17,49.00,41.00
328.17,215.67,48.00,40.00
328.17,215.67,48.00,40.00
328.17,213.33,48.00,40.00
328.17,215.67,48.00,40.00
328.17,213.91,48.00,40.00
328.17,213.91,48.00,40.00
328.17,213.91,48.00,40.00
328.17,213.91,48.00,40.00
328.17,213.91,48.00,40.00
328.17,213.91,48.00,40.00
328.17,213.91,48.00,40.00
328.17,213.91,48.00,40.00
328.17,213.91,48.00,40.00
328.17,213.91,48.00,40.00
328.17,213.91,48.00,40.00
328.17,213.91,48.00,40.00
328.17,213.91,48.00,40.00
328.17,213.91,48.00,40.00
328.17,213.91,48.00,40.00
328.17,213.91,48.00,40.00
328.17,211.57,48.00,40.00
328.17,211.57,48.00,40.00
328.17,211.57,48.00,40.00
328.17,211.57,48.00,40.00
328.17,211.57,48.00,40.00
328.17,211.57,48.00,40.00
328.17,211.57,48.00,40.00
328.17,211.57,48.00,40.00
328.17,209.22,48.00,40.00
325.30,208.72,49.00,41.00
325.30,208.72,49.00,41.00
325.30,208.72,49.00,41.00
325.30,208.72,49.00,41.00
325.30,208.72,49.00,41.00
325.30,208.72,49.00,41.00
325.30,208.72,49.00,41.00
325.30,208.72,49.00,41.00
325.30,211.10,49.00,41.00
325.30,211.10,49.00,41.00
325.30,211.10,49.00,41.00
325.30,211.10,49.00,41.00
325.30,213.47,49.00,41.00
325.30,213.47,49.00,41.00
325.30,215.84,49.00,41.00
325.30,213.47,49.00,41.00
325.30,213.47,49.00,41.00
325.30,213.47,49.00,41.00
325.30,210.50,49.00,41.00
325.30,208.13,49.00,41.00
324.80,207.63,50.00,42.00
324.80,210.08,50.00,42.00
324.80,210.08,50.00,42.00
324.80,210.08,50.00,42.00
324.80,212.53,50.00,42.00
324.80,212.53,50.00,42.00
324.80,212.53,50.00,42.00
324.80,214.98,50.00,42.00
324.80,214.98,50.00,42.00
324.80,214.98,50.00,42.00
324.80,214.98,50.00,42.00
324.80,214.98,50.00,42.00
324.80,214.98,50.00,42.00
324.80,214.98,50.00,42.00
324.80,214.98,50.00,42.00
324.80,214.98,50.00,42.00
325.41,214.98,50.00,42.00
327.25,214.98,50.00,42.00
327.25,214.48,50.00,43.00
327.25,214.48,50.00,43.00
327.25,214.48,50.00,43.00
327.25,214.48,50.00,43.00
327.25,214.48,50.00,43.00
327.25,214.48,50.00,43.00
327.25,214.48,50.00,43.00
327.25,214.48,50.00,43.00
327.25,214.48,50.00,43.00
327.25,214.48,50.00,43.00
327.25,214.48,50.00,43.00
327.25,214.48,50.00,43.00
327.25,214.48,50.00,43.00
327.25,216.95,50.00,43.00
327.25,214.48,50.00,43.00
326.25,213.98,52.00,44.00
326.25,213.98,52.00,44.00
326.25,215.90,52.00,44.00
326.25,215.90,52.00,44.00
326.25,215.90,52.00,44.00
326.25,215.90,52.00,44.00
325.75,215.90,53.00,44.00
325.75,215.90,53.00,44.00
325.75,215.90,53.00,44.00
325.75,215.90,53.00,44.00
325.75,215.90,53.00,44.00
325.75,215.90,53.00,44.00
325.75,215.90,53.00,44.00
325.25,215.40,54.00,45.00
325.25,218.05,54.00,45.00
324.75,214.88,55.00,46.00
324.75,217.55,55.00,46.00
324.75,217.55,55.00,46.00
324.25,219.81,56.00,47.00
323.75,222.79,57.00,48.00
323.75,229.06,57.00,48.00
323.75,240.89,57.00,48.00
323.25,243.97,58.00,49.00
323.25,244.68,58.00,49.00
319.86,244.18,59.00,50.00
319.86,240.57,59.00,50.00
319.86,234.07,59.00,50.00
319.86,230.45,59.00,50.00
319.86,223.95,59.00,50.00
319.36,207.11,60.00,51.00
318.36,199.83,62.00,52.00
317.86,195.47,63.00,53.00
317.86,188.52,63.00,53.00
317.86,188.52,63.00,53.00
317.36,191.13,64.00,54.00
316.86,197.83,65.00,55.00
316.86,197.83,65.00,55.00
315.86,200.62,67.00,56.00
315.86,200.62,67.00,56.00
315.36,203.44,68.00,57.00
314.86,205.85,69.00,59.00
314.86,210.11,69.00,59.00
313.86,213.11,71.00,60.00
313.86,213.11,71.00,60.00
313.86,217.49,71.00,60.00
313.36,216.99,72.00,61.00
313.36,220.52,72.00,61.00
312.36,220.02,74.00,62.00
312.36,220.02,74.00,62.00
311.86,219.52,75.00,63.00
311.86,219.52,75.00,63.00
311.86,219.52,75.00,63.00
310.86,218.52,77.00,65.00
310.86,218.52,77.00,65.00
310.86,218.52,77.00,65.00
310.86,218.52,77.00,65.00
310.86,218.52,77.00,65.00
310.86,218.52,77.00,65.00
310.86,218.52,77.00,65.00
310.86,218.52,77.00,65.00
310.86,218.52,77.00,65.00
310.86,218.52,77.00,65.00
310.86,218.52,77.00,65.00
311.86,219.52,75.00,63.00
311.86,219.52,75.00,63.00
311.86,219.52,75.00,63.00
311.86,219.52,75.00,63.00
312.36,220.02,74.00,62.00
313.36,220.52,72.00,61.00
313.36,220.52,72.00,61.00
313.36,220.52,72.00,61.00
313.36,220.52,72.00,61.00
313.36,220.52,72.00,61.00
313.36,220.52,72.00,61.00
313.86,221.02,71.00,60.00
313.86,221.02,71.00,60.00
314.86,221.52,69.00,59.00
315.36,222.52,68.00,57.00
315.36,222.52,68.00,57.00
315.36,219.21,68.00,57.00
318.68,222.52,68.00,57.00
318.18,218.11,69.00,59.00
315.36,219.11,68.00,57.00
319.15,219.61,67.00,56.00
319.15,219.61,67.00,56.00
319.15,219.61,67.00,56.00
319.15,219.61,67.00,56.00
319.15,219.61,67.00,56.00
319.15,219.61,67.00,56.00
319.15,219.61,67.00,56.00
319.15,219.61,67.00,56.00
319.15,216.32,67.00,56.00
320.15,216.82,65.00,55.00
320.65,220.44,64.00,54.00
321.15,217.85,63.00,53.00
321.65,218.35,62.00,52.00
321.65,218.35,62.00,52.00
324.66,218.35,62.00,52.00
324.16,217.85,63.00,53.00
324.16,217.85,63.00,53.00
324.16,217.85,63.00,53.00
327.25,214.76,63.00,53.00
327.75,218.27,62.00,52.00
327.75,218.27,62.00,52.00
327.75,215.26,62.00,52.00
327.75,215.26,62.00,52.00
327.75,215.26,62.00,52.00
331.72,215.76,60.00,51.00
332.22,216.26,59.00,50.00
332.72,216.76,58.00,49.00
335.59,216.76,58.00,49.00
335.59,216.76,58.00,49.00
336.09,217.26,57.00,48.00
338.87,217.26,57.00,48.00
338.37,216.76,58.00,49.00
338.37,213.89,58.00,49.00
342.13,214.89,56.00,47.00
342.13,214.89,56.00,47.00
342.13,214.89,56.00,47.00
345.30,215.39,55.00,46.00
345.30,215.39,55.00,46.00
345.80,215.89,54.00,45.00
345.80,215.89,54.00,45.00
348.45,215.89,54.00,45.00
348.45,215.89,54.00,45.00
351.11,213.24,54.00,45.00
351.11,215.89,54.00,45.00
351.11,213.24,54.00,45.00
351.61,213.74,53.00,44.00
351.61,213.74,53.00,44.00
354.66,213.74,52.00,44.00
354.66,213.74,52.00,44.00
