306.25,216.75,40.00,33.00
306.25,216.75,40.00,33.00
306.25,216.75,40.00,33.00
306.25,216.75,40.00,33.00
306.25,216.75,40.00,33.00
306.25,216.75,40.00,33.00
306.25,216.75,40.00,33.00
306.25,216.75,40.00,33.00
306.25,216.75,40.00,33.00
306.25,216.75,40.00,33.00
306.25,216.75,40.00,33.00
306.25,216.75,40.00,33.00
306.25,216.75,40.00,33.00
304.85,217.25,39.00,32.00
306.28,216.75,40.00,33.00
305.44,217.25,38.00,32.00
305.44,217.25,38.00,32.00
304.94,217.25,39.00,32.00
304.44,216.75,40.00,33.00
304.44,216.75,40.00,33.00
304.44,216.75,40.00,33.00
304.44,216.75,40.00,33.00
304.44,216.75,40.00,33.00
302.51,216.75,40.00,33.00
302.01,218.26,41.00,34.00
301.51,216.24,42.00,34.00
302.01,216.24,41.00,34.00
302.51,216.74,40.00,33.00
302.51,216.74,40.00,33.00
302.51,216.74,40.00,33.00
302.51,216.74,40.00,33.00
302.51,216.74,40.00,33.00
302.51,216.74,40.00,33.00
302.51,214.81,40.00,33.00
302.51,216.25,40.00,33.00
302.51,216.25,40.00,33.00
302.51,216.25,40.00,33.00
302.51,216.25,40.00,33.00
302.51,216.25,40.00,33.00
302.51,216.25,40.00,33.00
302.51,216.25,40.00,33.00
302.51,218.19,40.00,33.00
302.51,218.19,40.00,33.00
302.51,216.25,40.00,33.00
302.51,216.25,40.00,33.00
302.51,216.25,40.00,33.00
302.51,216.25,40.00,33.00
302.51,218.19,40.00,33.00
302.51,218.19,40.00,33.00
302.51,215.77,40.00,33.00
302.51,213.84,40.00,33.00
303.01,214.82,39.00,32.00
303.01,214.82,39.00,32.00
303.01,216.72,39.00,32.00
303.01,216.72,39.00,32.00
303.01,216.72,39.00,32.00
303.01,216.72,39.00,32.00
303.01,216.72,39.00,32.00
303.01,216.72,39.00,32.00
303.01,216.72,39.00,32.00
301.10,216.72,39.00,32.00
300.60,216.22,40.00,33.00
300.60,216.22,40.00,33.00
300.10,215.72,41.00,34.00
300.10,215.72,41.00,34.00
300.10,215.72,41.00,34.00
300.10,217.73,41.00,34.00
300.10,217.73,41.00,34.00
300.10,215.72,41.00,34.00
300.10,215.72,41.00,34.00
300.10,215.72,41.00,34.00
300.10,215.72,41.00,34.00
298.09,215.72,41.00,34.00
297.59,215.72,42.00,34.00
297.59,215.72,42.00,34.00
297.59,213.18,42.00,35.00
299.21,210.57,43.00,36.00
299.71,211.07,42.00,35.00
299.71,211.57,42.00,34.00
299.71,211.57,42.00,34.00
299.71,213.59,42.00,34.00
299.71,215.13,42.00,35.00
299.21,214.63,43.00,36.00
299.21,214.63,43.00,36.00
299.21,212.51,43.00,36.00
298.71,212.51,44.00,36.00
298.71,212.51,44.00,36.00
298.71,212.51,44.00,36.00
298.71,214.64,44.00,36.00
298.71,214.64,44.00,36.00
298.71,216.77,44.00,36.00
298.71,216.77,44.00,36.00
298.71,216.77,44.00,36.00
298.71,216.77,44.00,36.00
298.71,214.64,44.00,36.00
298.71,214.64,44.00,36.00
298.21,214.14,45.00,37.00
300.37,216.30,45.00,37.00
300.37,216.84,45.00,37.00
300.37,216.84,45.00,37.00
299.87,218.57,46.00,38.00
299.87,216.34,46.00,38.00
299.37,215.84,47.00,39.00
298.87,215.84,48.00,39.00
301.20,213.51,48.00,39.00
301.20,213.51,48.00,39.00
300.70,215.36,49.00,40.00
303.05,215.36,49.00,40.00
303.05,215.36,49.00,40.00
303.05,215.36,49.00,40.00
305.41,215.36,49.00,40.00
304.91,214.86,50.00,41.00
306.88,214.36,51.00,42.00
309.34,214.36,51.00,42.00
309.34,214.36,51.00,42.00
311.06,214.86,50.00,41.00
313.02,216.83,51.00,42.00
313.64,216.83,51.00,42.00
313.64,216.83,51.00,42.00
318.22,216.33,52.00,43.00
318.22,216.33,52.00,43.00
318.86,216.33,52.00,43.00
321.40,218.87,52.00,43.00
323.31,218.87,52.00,43.00
325.86,216.33,52.00,43.00
325.86,218.87,52.00,43.00
327.93,218.37,53.00,44.00
330.50,218.37,53.00,44.00
330.00,218.37,54.00,44.00
332.16,217.87,55.00,45.00
334.82,217.87,55.00,45.00
334.82,217.87,55.00,45.00
337.69,217.37,56.00,46.00
340.38,217.37,56.00,46.00
342.65,216.87,57.00,47.00
345.84,217.37,56.00,46.00
348.53,217.37,56.00,46.00
348.53,217.37,56.00,46.00
350.80,216.87,57.00,47.00
353.57,216.87,57.00,47.00
353.57,216.87,57.00,47.00
356.34,216.87,57.00,47.00
358.63,216.37,58.00,48.00
361.01,215.87,59.00,49.00
361.01,215.87,59.00,49.00
361.01,215.87,59.00,49.00
363.89,215.87,59.00,49.00
363.89,215.87,59.00,49.00
365.86,215.37,61.00,50.00
366.86,215.87,59.00,49.00
369.73,215.87,59.00,49.00
369.73,218.75,59.00,49.00
369.73,218.75,59.00,49.00
372.61,218.75,59.00,49.00
372.61,218.75,59.00,49.00
372.61,222.34,59.00,49.00
371.61,221.84,61.00,50.00
374.11,221.34,62.00,51.00
374.61,218.87,61.00,50.00
374.61,218.87,61.00,50.00
374.61,218.87,61.00,50.00
374.61,218.87,61.00,50.00
377.10,217.63,62.00,51.00
377.60,218.13,61.00,50.00
377.60,218.13,61.00,50.00
377.10,217.63,62.00,51.00
377.10,217.63,62.00,51.00
377.10,217.63,62.00,51.00
376.60,217.13,63.00,52.00
376.60,217.13,63.00,52.00
376.60,217.13,63.00,52.00
376.60,217.13,63.00,52.00
376.60,218.66,63.00,52.00
376.60,218.66,63.00,52.00
373.53,218.66,63.00,52.00
373.03,221.27,64.00,53.00
372.03,220.77,66.00,54.00
372.03,220.77,66.00,54.00
373.03,221.27,64.00,53.00
370.45,221.77,63.00,52.00
369.95,221.27,64.00,53.00
368.95,220.77,66.00,54.00
368.45,220.27,67.00,55.00
365.23,220.27,67.00,55.00
364.73,219.77,68.00,56.00
363.73,219.27,70.00,57.00
360.33,222.66,70.00,57.00
359.83,221.66,71.00,59.00
359.83,221.66,71.00,59.00
356.40,221.66,71.00,59.00
355.90,221.16,72.00,60.00
355.90,221.16,72.00,60.00
352.38,222.92,72.00,60.00
352.38,222.92,72.00,60.00
352.38,226.44,72.00,60.00
348.86,226.44,72.00,60.00
347.86,225.94,74.00,61.00
347.36,225.44,75.00,62.00
343.73,225.44,75.00,62.00
342.73,224.94,77.00,63.00
342.73,224.94,77.00,63.00
339.00,224.94,77.00,63.00
338.50,223.94,78.00,65.00
338.50,223.94,78.00,65.00
337.50,224.40,80.00,66.00
335.57,224.40,80.00,66.00
331.71,224.40,80.00,66.00
330.71,223.90,82.00,67.00
330.71,223.90,82.00,67.00
330.71,223.90,82.00,67.00
326.75,223.90,82.00,67.00
326.25,222.90,83.00,69.00
326.25,222.90,83.00,69.00
326.25,222.90,83.00,69.00
326.25,222.90,83.00,69.00
322.14,222.40,85.00,70.00
323.14,222.90,83.00,69.00
323.14,222.90,83.00,69.00
323.14,222.90,83.00,69.00
319.69,223.90,82.00,67.00
319.69,223.90,82.00,67.00
319.69,223.90,82.00,67.00
320.69,224.40,80.00,66.00
321.69,224.90,78.00,65.00
321.69,224.90,78.00,65.00
320.69,224.40,80.00,66.00
316.83,224.40,80.00,66.00
316.83,224.40,80.00,66.00
317.83,224.90,78.00,65.00
317.83,224.90,78.00,65.00
318.33,225.90,77.00,63.00
319.33,226.40,75.00,62.00
319.33,226.40,75.00,62.00
315.69,226.40,75.00,62.00
315.69,226.40,75.00,62.00
315.69,226.40,75.00,62.00
316.19,223.29,74.00,61.00
317.19,223.79,72.00,60.00
317.19,223.79,72.00,60.00
314.26,224.29,71.00,59.00
317.69,224.29,71.00,59.00
314.26,220.86,71.00,59.00
313.76,220.36,72.00,60.00
313.76,220.36,72.00,60.00
313.76,220.36,72.00,60.00
313.76,220.36,72.00,60.00
313.76,220.36,72.00,60.00
313.76,220.36,72.00,60.00
313.76,220.36,72.00,60.00
313.76,216.84,72.00,60.00
314.26,217.34,71.00,59.00
314.26,217.34,71.00,59.00
314.26,217.34,71.00,59.00
314.26,217.34,71.00,59.00
314.26,217.34,71.00,59.00
317.69,217.34,71.00,59.00
318.19,218.34,70.00,57.00
319.19,218.84,68.00,56.00
319.19,218.84,68.00,56.00
319.69,219.34,67.00,55.00
319.69,219.34,67.00,55.00
319.69,219.34,67.00,55.00
319.69,219.34,67.00,55.00
319.69,219.34,67.00,55.00
319.69,219.34,67.00,55.00
319.69,219.34,67.00,55.00
322.49,218.84,68.00,56.00
322.49,218.84,68.00,56.00
322.49,218.84,68.00,56.00
322.99,219.34,67.00,55.00
322.99,219.34,67.00,55.00
322.99,219.34,67.00,55.00
322.99,219.34,67.00,55.00
322.99,219.34,67.00,55.00
322.49,218.84,68.00,56.00
321.49,218.34,70.00,57.00
321.49,218.34,70.00,57.00
321.49,218.34,70.00,57.00
324.89,221.74,70.00,57.00
323.41,222.24,68.00,56.00
323.41,222.24,68.00,56.00
323.41,222.24,68.00,56.00
322.41,221.74,70.00,57.00
322.41,221.74,70.00,57.00
321.91,220.74,71.00,59.00
321.91,220.74,71.00,59.00
321.91,220.74,71.00,59.00
324.93,220.24,72.00,60.00
324.93,220.24,72.00,60.00
324.93,220.24,72.00,60.00
325.43,220.74,71.00,59.00
325.93,221.74,70.00,57.00
326.93,222.24,68.00,56.00
326.93,222.24,68.00,56.00
326.93,222.24,68.00,56.00
330.23,222.24,68.00,56.00
330.73,222.74,67.00,55.00
330.73,222.74,67.00,55.00
330.73,222.74,67.00,55.00
330.73,222.74,67.00,55.00
333.95,222.74,67.00,55.00
334.45,223.24,66.00,54.00
335.45,223.74,64.00,53.00
337.65,223.24,66.00,54.00
339.15,224.24,63.00,52.00
339.15,224.24,63.00,52.00
338.65,223.74,64.00,53.00
337.65,220.04,66.00,54.00
340.37,219.54,67.00,55.00
340.87,220.04,66.00,54.00
340.87,220.04,66.00,54.00
343.60,219.54,67.00,55.00
344.10,220.04,66.00,54.00
344.10,220.04,66.00,54.00
345.10,220.54,64.00,53.00
347.29,223.24,66.00,54.00
347.29,223.24,66.00,54.00
346.79,222.74,67.00,55.00
346.79,222.74,67.00,55.00
350.01,222.74,67.00,55.00
350.51,223.24,66.00,54.00
351.51,223.74,64.00,53.00
354.62,223.74,64.00,53.00
355.12,224.24,63.00,52.00
355.12,224.24,63.00,52.00
357.72,223.74,64.00,53.00
358.22,224.24,63.00,52.00
357.72,223.74,64.00,53.00
359.92,223.24,66.00,54.00
359.92,223.24,66.00,54.00
363.11,223.24,66.00,54.00
363.11,223.24,66.00,54.00
367.22,223.74,64.00,53.00
367.22,223.74,64.00,53.00
367.72,224.24,63.00,52.00
367.72,221.16,63.00,52.00
370.32,220.66,64.00,53.00
370.32,220.66,64.00,53.00
370.82,221.16,63.00,52.00
370.82,221.16,63.00,52.00
373.90,221.16,63.00,52.00
373.90,221.16,63.00,52.00
373.90,221.16,63.00,52.00
373.90,218.08,63.00,52.00
374.40,218.58,62.00,51.00
374.90,219.08,61.00,50.00
375.90,219.58,59.00,49.00
375.90,219.58,59.00,49.00
375.90,219.58,59.00,49.00
375.90,219.58,59.00,49.00
375.90,219.58,59.00,49.00
373.02,222.46,59.00,49.00
372.02,221.96,61.00,50.00
372.02,221.96,61.00,50.00
372.02,221.96,61.00,50.00
370.14,225.34,59.00,49.00
369.14,224.84,61.00,50.00
369.14,224.84,61.00,50.00
367.27,225.34,59.00,49.00
363.30,221.87,61.00,50.00
362.80,221.37,62.00,51.00
363.30,221.87,61.00,50.00
360.70,222.37,59.00,49.00
357.82,222.37,59.00,49.00
356.82,221.87,61.00,50.00
353.85,221.87,61.00,50.00
353.85,221.87,61.00,50.00
350.88,221.87,61.00,50.00
350.38,221.37,62.00,51.00
347.39,221.37,62.00,51.00
347.39,221.37,62.00,51.00
344.39,221.37,62.00,51.00
344.39,221.37,62.00,51.00
341.39,221.37,62.00,51.00
341.39,221.37,62.00,51.00
338.92,221.87,61.00,50.00
338.92,221.87,61.00,50.00
335.95,221.87,61.00,50.00
335.45,221.37,62.00,51.00
332.46,224.36,62.00,51.00
331.96,223.86,63.00,52.00
328.88,223.86,63.00,52.00
328.88,223.86,63.00,52.00
328.88,223.86,63.00,52.00
325.81,223.86,63.00,52.00
325.81,223.86,63.00,52.00
325.81,223.86,63.00,52.00
325.81,223.86,63.00,52.00
324.81,227.36,62.00,51.00
324.81,227.36,62.00,51.00
321.81,227.36,62.00,51.00
321.31,226.86,63.00,52.00
321.31,226.86,63.00,52.00
321.31,226.86,63.00,52.00
321.31,226.86,63.00,52.00
321.31,223.78,63.00,52.00
321.31,223.78,63.00,52.00
321.81,224.28,62.00,51.00
321.81,224.28,62.00,51.00
318.81,221.29,62.00,51.00
318.81,221.29,62.00,51.00
318.81,221.29,62.00,51.00
319.31,221.79,61.00,50.00
316.34,221.79,61.00,50.00
316.34,221.79,61.00,50.00
316.34,221.79,61.00,50.00
313.37,221.79,61.00,50.00
313.37,221.79,61.00,50.00
314.37,222.29,59.00,49.00
314.37,222.29,59.00,49.00
311.50,222.29,59.00,49.00
311.50,222.29,59.00,49.00
311.50,222.29,59.00,49.00
312.00,219.99,58.00,48.00
312.00,217.19,58.00,48.00
312.00,214.40,58.00,48.00
312.00,214.40,58.00,48.00
312.00,214.40,58.00,48.00
312.00,214.40,58.00,48.00
312.50,218.36,57.00,47.00
312.50,224.59,57.00,47.00
312.50,227.36,57.00,47.00
312.50,227.36,57.00,47.00
313.00,224.50,56.00,46.00
313.00,221.14,56.00,46.00
313.00,215.08,56.00,46.00
313.50,215.58,55.00,45.00
313.50,215.58,55.00,45.00
313.50,218.25,55.00,45.00
313.50,221.58,55.00,45.00
313.50,224.24,55.00,45.00
310.83,227.57,55.00,45.00
311.33,225.49,54.00,44.00
311.33,222.90,54.00,44.00
311.33,220.32,54.00,44.00
309.26,220.32,53.00,44.00
308.76,220.32,54.00,44.00
308.76,220.32,54.00,44.00
309.26,220.32,53.00,44.00
309.26,217.75,53.00,44.00
309.26,217.75,53.00,44.00
309.76,218.25,52.00,43.00
309.76,218.25,52.00,43.00
309.76,218.25,52.00,43.00
309.76,220.79,52.00,43.00
307.22,220.79,52.00,43.00
309.76,220.79,52.00,43.00
309.76,220.79,52.00,43.00
309.76,220.79,52.00,43.00
309.76,220.79,52.00,43.00
309.76,218.25,52.00,43.00
309.76,218.25,52.00,43.00
312.31,218.25,52.00,43.00
312.31,218.25,52.00,43.00
312.31,218.25,52.00,43.00
314.85,218.25,52.00,43.00
314.85,218.25,52.00,43.00
314.85,218.25,52.00,43.00
318.03,218.25,52.00,43.00
320.58,215.71,52.00,43.00
320.58,215.71,52.00,43.00
323.12,215.71,52.00,43.00
325.66,218.25,52.00,43.00
325.66,218.25,52.00,43.00
328.63,218.75,51.00,42.00
331.09,218.75,51.00,42.00
331.09,218.75,51.00,42.00
333.55,218.75,51.00,42.00
336.02,218.75,51.00,42.00
336.02,218.75,51.00,42.00
338.48,218.75,51.00,42.00
340.95,221.21,51.00,42.00
340.95,218.75,51.00,42.00
340.95,216.29,51.00,42.00
343.41,216.29,51.00,42.00
345.87,216.29,51.00,42.00
348.34,219.37,51.00,42.00
347.84,221.41,52.00,43.00
350.38,221.41,52.00,43.00
352.92,218.87,52.00,43.00
352.92,218.87,52.00,43.00
353.42,216.90,51.00,42.00
352.92,218.95,52.00,43.00
352.92,218.95,52.00,43.00
352.92,218.95,52.00,43.00
352.92,221.49,52.00,43.00
354.99,220.99,53.00,44.00
354.99,220.99,53.00,44.00
354.99,218.42,53.00,44.00
354.99,218.42,53.00,44.00
354.99,218.42,53.00,44.00
357.08,216.48,54.00,44.00
357.08,216.48,54.00,44.00
357.08,216.48,54.00,44.00
357.08,216.48,54.00,44.00
359.24,218.64,55.00,45.00
358.74,218.14,56.00,46.00
361.01,217.64,57.00,47.00
